0 0.759375 0.48984375 0.021875 0.0234375
0 0.77890625 0.58046875 0.0171875 0.01875
0 0.8203125 0.58125 0.0515625 0.053125
0 0.52578125 0.45546875 0.01875 0.0203125
0 0.36015625 0.5640625 0.009375 0.0109375
0 0.3390625 0.64453125 0.0125 0.0125
0 0.278125 0.58359375 0.0109375 0.0109375
0 0.2828125 0.590625 0.00625 0.0046875
0 0.2734375 0.6 0.00625 0.00625
0 0.271875 0.3875 0.0125 0.0109375
0 0.22578125 0.39765625 0.03125 0.0484375
0 0.21328125 0.3046875 0.009375 0.0109375
0 0.16328125 0.38203125 0.0140625 0.0140625