0 0.75625 0.46328125 0.0203125 0.021875
0 0.78515625 0.55078125 0.015625 0.0171875
0 0.82734375 0.546875 0.0484375 0.05
0 0.52109375 0.45234375 0.01875 0.01875
0 0.3671875 0.57890625 0.009375 0.009375
0 0.35546875 0.6609375 0.0125 0.0109375
0 0.2875 0.60625 0.0109375 0.0109375
0 0.29296875 0.6125 0.0046875 0.0046875
0 0.28515625 0.6234375 0.00625 0.00625
0 0.26171875 0.41171875 0.0125 0.0109375
0 0.21640625 0.4265625 0.028125 0.046875
0 0.19453125 0.33515625 0.009375 0.0109375
0 0.153125 0.41796875 0.0140625 0.0140625