0 0.74765625 0.4234375 0.01796875 0.01875
0 0.78984375 0.50546875 0.0140625 0.015625
0 0.83046875 0.4953125 0.04140625 0.04375
0 0.51328125 0.45 0.015625 0.01640625
0 0.38125 0.5984375 0.0078125 0.00859375
0 0.38203125 0.68125 0.0109375 0.009375
0 0.30703125 0.63828125 0.009375 0.009375
0 0.31328125 0.64375 0.0046875 0.00390625
0 0.30703125 0.65546875 0.00546875 0.00546875
0 0.25078125 0.45 0.0109375 0.00859375
0 0.20859375 0.471875 0.02109375 0.04375
0 0.17265625 0.38515625 0.0078125 0.009375
0 0.14453125 0.4734375 0.01171875 0.01171875